id,Status_C,Status_CL,Status_D
7905,0.6826078622459457,0.025831123683213105,0.2915610140708412
7906,0.7266114376198556,0.15126801440833734,0.12212054797180705
7907,0.06703522582163633,0.06387126644604312,0.8690935077323206
7908,0.9108442614514756,0.008155022570822495,0.08100071597770211
7909,0.7665842621833309,0.040670000478399304,0.19274573733826975
7910,0.9717008551623525,0.0037723841527311027,0.02452676068491633
7911,0.9654941318838003,0.003586318051721595,0.030919550064478298
7912,0.32643647709179113,0.010007929901775795,0.6635555930064331
7913,0.026504193689135733,0.00882439150711725,0.9646714148037471
7914,0.7046948000059915,0.01174691037174875,0.28355828962225976
7915,0.7485256714264503,0.022262103758768345,0.22921222481478137
7916,0.7243355132362169,0.008085947458152408,0.2675785393056307
7917,0.5029907102567824,0.2075393347241925,0.289469955019025
7918,0.8865794952154359,0.009127338770163328,0.10429316601440075
7919,0.5537733030028343,0.0583757469618574,0.38785095003530834
7920,0.926897973330241,0.0038718413668704962,0.06923018530288855
7921,0.9241745532326812,0.004368380082624012,0.07145706668469487
7922,0.03866695895043599,0.02082745738130254,0.9405055836682613
7923,0.8879959675341198,0.0033908505256914595,0.10861318194018875
7924,0.719815103187657,0.07306549206301119,0.20711940474933183
7925,0.024500520976013015,0.0031018935041793546,0.9723975855198076
7926,0.7773506287098042,0.005152123714281726,0.21749724757591407
7927,0.8033061496944391,0.040207333712215576,0.15648651659334517
7928,0.04814265532287359,0.01619349840930449,0.9356638462678218
7929,0.9178760609477419,0.012329386009750752,0.06979455304250738
7930,0.19963508962592164,0.09664403036670033,0.7037208800073781
7931,0.9021524752408557,0.003785802192912769,0.09406172256623146
7932,0.11955967986260785,0.019676211420365495,0.8607641087170267
7933,0.6529188041380065,0.016908045112810386,0.330173150749183
7934,0.9626654636362868,0.002600660295942729,0.03473387606777045
7935,0.9393339907402416,0.00809122123454147,0.052574788025217124
7936,0.9310834045688,0.011807984157212167,0.05710861127398773
7937,0.2696701522061844,0.018015284098038983,0.7123145636957766
7938,0.9618788680472974,0.005197160663786731,0.032923971288915756
7939,0.40498392684598433,0.04698131405727253,0.5480347590967432
7940,0.6751172407336635,0.14956411235727535,0.17531864690906113
7941,0.1168773977890312,0.10451051502724523,0.7786120871837234
7942,0.9244999031270571,0.006461527291582109,0.06903856958136091
7943,0.06939983224700097,0.01884629624301621,0.9117538715099828
7944,0.9477005891114114,0.003436833453624486,0.04886257743496417
7945,0.9292688254477487,0.0030815101519355527,0.0676496644003158
7946,0.8133296409783471,0.016730961588830508,0.16993939743282224
7947,0.8310236055247892,0.008124000506339707,0.16085239396887102
7948,0.12942187607218666,0.01721738072372338,0.8533607432040899
7949,0.0926765316893823,0.06477572147246477,0.8425477468381529
7950,0.931541301644364,0.005976608553964903,0.062482089801671054
7951,0.5362400931145558,0.08369314111815114,0.3800667657672931
7952,0.2501593589991727,0.06563606253472888,0.6842045784660985
7953,0.024940493455198078,0.003232749536765009,0.971826757008037
7954,0.8971218830694401,0.00810953170835081,0.09476858522220909
7955,0.2238463200348544,0.01123626589844063,0.7649174140667049
7956,0.046676602096859726,0.03346885256170042,0.91985454534144
7957,0.9307009154129504,0.007676108645600744,0.06162297594144887
7958,0.038686099488453696,0.003884838447315824,0.9574290620642305
7959,0.5795619852371197,0.030172645500858224,0.39026536926202215
7960,0.20216514273273709,0.01589553521474368,0.7819393220525193
7961,0.9384649525705469,0.004754314292297878,0.05678073313715534
7962,0.20581574010402057,0.013791328141053343,0.7803929317549261
7963,0.16723304005406708,0.04230854267683389,0.7904584172690992
7964,0.02435697424425488,0.004889326115747027,0.9707536996399981
7965,0.9600904258654963,0.004688167264237456,0.0352214068702662
7966,0.46977296133456825,0.015364377496940931,0.5148626611684909
7967,0.9193277619490221,0.015863517547554842,0.0648087205034229
7968,0.9138466400280837,0.004049932698799297,0.082103427273117
7969,0.3947589428444143,0.03572398263764883,0.5695170745179368
7970,0.9176839770922478,0.003305647224524446,0.07901037568322793
7971,0.9406900781713259,0.0030475330472484463,0.0562623887814256
7972,0.5322370945493331,0.24151035122711517,0.2262525542235517
7973,0.9497273046738239,0.004715531023399826,0.04555716430277619
7974,0.18905834686534784,0.06163851814398334,0.7493031349906689
7975,0.9170230913080706,0.007149325176591656,0.07582758351533797
7976,0.8119709575953896,0.009357193920090729,0.17867184848451964
7977,0.9551183997892049,0.004898303849613713,0.039983296361181433
7978,0.04787757451868427,0.005620954373892389,0.9465014711074233
7979,0.39974955515088645,0.022687723771369975,0.5775627210777435
7980,0.9241505292776043,0.004964796888654442,0.0708846738337412
7981,0.8512633524659016,0.023704514095110357,0.1250321334389881
7982,0.8793836317784539,0.012449727527266549,0.1081666406942796
7983,0.8971649095076152,0.025002512774893917,0.07783257771749098
7984,0.11381438952589196,0.017237505496592604,0.8689481049775154
7985,0.40598982032268993,0.017736398186982055,0.576273781490328
7986,0.13039470566225234,0.14562935935784893,0.7239759349798986
7987,0.5518055443899134,0.02356190962621297,0.42463254598387373
7988,0.7666001059688659,0.017025505312532798,0.21637438871860123
7989,0.9375143348785849,0.00652248072585621,0.05596318439555873
7990,0.45233177413342696,0.011569804055595852,0.5360984218109772
7991,0.057902363001646306,0.009406025242357403,0.9326916117559962
7992,0.9574932585603629,0.00579344394605219,0.03671329749358492
7993,0.8240909517247474,0.01179876118572178,0.1641102870895306
7994,0.9395751721938478,0.004912121955492166,0.055512705850660184
7995,0.8509121585056214,0.014402989101462234,0.1346848523929164
7996,0.05260232745861091,0.02078996692722032,0.9266077056141687
7997,0.8926570860088272,0.013472080721184653,0.09387083326998805
7998,0.01935633186386178,0.004943862167563199,0.9756998059685751
7999,0.019767844351565127,0.004891729637396122,0.9753404260110389
8000,0.851341746717118,0.01743665891658259,0.13122159436629924
8001,0.8936704664803158,0.010042286790701628,0.09628724672898262
8002,0.33243561781683306,0.1329490881903953,0.5346152939927716
8003,0.5664654089031933,0.2489289302963011,0.1846056608005056
8004,0.6013039671643154,0.015718021348470425,0.3829780114872141
8005,0.7033282236611467,0.01717970591972008,0.27949207041913315
8006,0.806046058567073,0.04067535648358424,0.15327858494934282
8007,0.8281000996207348,0.008003894826055102,0.16389600555321007
8008,0.9603014518583745,0.004298964794146773,0.035399583347478614
8009,0.7866330483189959,0.010360779843835067,0.20300617183716893
8010,0.9399552721574012,0.013557683736708218,0.04648704410589076
8011,0.8555372318941293,0.007890714763355405,0.13657205334251518
8012,0.8221094283034229,0.0063660620359415766,0.17152450966063557
8013,0.1423150554845299,0.015487498161033678,0.8421974463544364
8014,0.940668956454611,0.012344147298712404,0.0469868962466765
8015,0.951836561674338,0.0032593549117749454,0.04490408341388705
8016,0.967503538656748,0.0028441476039235236,0.029652313739328306
8017,0.608386735760125,0.005023062762530491,0.3865902014773444
8018,0.6693658699926119,0.025428863695203707,0.30520526631218425
8019,0.9608941196691357,0.005918808002923104,0.033187072327941096
8020,0.7415443403601726,0.026213670758344715,0.2322419888814828
8021,0.09435126661222377,0.008667072722845033,0.8969816606649312
8022,0.10126033794663512,0.01794838641445091,0.880791275638914
8023,0.7229080270734944,0.04044663510543685,0.23664533782106856
8024,0.9073871249233091,0.002976998976520546,0.08963587610017038
8025,0.09879579869543952,0.008622594392152119,0.8925816069124084
8026,0.945394045409257,0.004073977517052395,0.05053197707369063
8027,0.9485690368614079,0.007791401781808753,0.0436395613567832
8028,0.044492368441486865,0.010389195145728971,0.9451184364127841
8029,0.10704683930384958,0.05123957002330051,0.8417135906728499
8030,0.948267166077955,0.0029577427057258946,0.04877509121631912
8031,0.8764794033396036,0.02649856151196669,0.09702203514842975
8032,0.9003828369137271,0.002866973047548456,0.09675019003872444
8033,0.09727252422646727,0.035047832239761954,0.8676796435337707
8034,0.4281592967012029,0.01948303356675265,0.5523576697320444
8035,0.9383765627502723,0.007187389888868593,0.0544360473608593
8036,0.801259312377599,0.1680123807381531,0.030728306884247894
8037,0.2555578460372129,0.029202360945865473,0.7152397930169218
8038,0.6796378273951361,0.014598270348317576,0.30576390225654615
8039,0.05775948696743169,0.03125366082458001,0.9109868522079883
8040,0.5114804122498924,0.09976558577255844,0.38875400197754917
8041,0.25845782242676585,0.015016425364105187,0.726525752209129
8042,0.0497126879362629,0.008158624414419818,0.9421286876493173
8043,0.9270054805255273,0.005326300439995094,0.06766821903447758
8044,0.044365247505806525,0.004311258704555579,0.9513234937896379
8045,0.13891320972320773,0.06343291282731678,0.7976538774494755
8046,0.8740680225120966,0.003275573796466322,0.12265640369143711
8047,0.9271288725746376,0.004857903694869759,0.06801322373049269
8048,0.9170293823534947,0.008171774271780051,0.07479884337472517
8049,0.6341691280197775,0.14491374983501273,0.22091712214520984
8050,0.42963351807927397,0.01184830283041417,0.5585181790903118
8051,0.09647375534716926,0.014919296556065855,0.8886069480967648
8052,0.9691244482793157,0.006182613349165211,0.024692938371518963
8053,0.07714876217263991,0.020137329223147312,0.9027139086042127
8054,0.9009923653626056,0.00583663674041027,0.09317099789698406
8055,0.34714054614485357,0.06615530253650523,0.5867041513186412
8056,0.9264936363034517,0.012555595865489839,0.06095076783105857
8057,0.9091426883581594,0.003642704033754675,0.08721460760808607
8058,0.8455855294197059,0.03043597082901753,0.12397849975127648
8059,0.7829007855056093,0.015402272657845023,0.20169694183654568
8060,0.13146586970644836,0.14914883383801894,0.7193852964555328
8061,0.19036477681692374,0.05054567941270982,0.7590895437703664
8062,0.13088785279911547,0.012348582715681447,0.8567635644852031
8063,0.9603854716393024,0.006280886874263121,0.033333641486434626
8064,0.038285379348604175,0.01848257596532513,0.9432320446860707
8065,0.8950428182168425,0.012796872630624482,0.09216030915253286
8066,0.95136451783027,0.0072328008669011986,0.04140268130282887
8067,0.07511542711153789,0.013595256830873311,0.9112893160575887
8068,0.8697333691174787,0.016496588227187654,0.1137700426553338
8069,0.8688154172161852,0.010844527597891382,0.12034005518592351
8070,0.9632035033528519,0.0029423206191982443,0.03385417602794972
8071,0.9014296265645113,0.009866855307094557,0.08870351812839414
8072,0.9481293240336087,0.004724178133967088,0.04714649783242414
8073,0.95390605308129,0.004300502997434122,0.04179344392127598
8074,0.8788547672203707,0.011310523162074017,0.10983470961755523
8075,0.9045394280533804,0.014063167398577475,0.08139740454804205
8076,0.9393453668776901,0.006255617153540728,0.054399015968769275
8077,0.09324103956459485,0.04468656863026522,0.86207239180514
8078,0.2137299652166698,0.026448323706477928,0.7598217110768523
8079,0.908425948962254,0.006866412208080633,0.08470763882966538
8080,0.9468091104464152,0.008756820551445452,0.044434069002139226
8081,0.9413835260850775,0.003578718829614105,0.055037755085308455
8082,0.8088638545872455,0.01992044215700452,0.17121570325574997
8083,0.22372672056250673,0.13379088892143634,0.642482390516057
8084,0.061684634948708905,0.006589000834599147,0.931726364216692
8085,0.9494237128462424,0.0056735193225098185,0.04490276783124789
8086,0.01788124719680602,0.004926698456648495,0.9771920543465454
8087,0.8504062479933647,0.013989951783282353,0.13560380022335283
8088,0.28753088373854196,0.019135894475551786,0.6933332217859062
8089,0.21297746704138687,0.012839625503994683,0.7741829074546185
8090,0.02991299488992618,0.007008245398402852,0.9630787597116711
8091,0.9502617638474428,0.004113894593421976,0.04562434155913544
8092,0.023321570723007938,0.005019996954605084,0.971658432322387
8093,0.9214907734967867,0.017073683051182207,0.06143554345203109
8094,0.14473075849837297,0.05047567175143377,0.8047935697501933
8095,0.6042077662497698,0.09879873813388672,0.2969934956163435
8096,0.2894631185922341,0.05463785193625112,0.6558990294715148
8097,0.22283536372821386,0.02160732536334273,0.7555573109084435
8098,0.8385867326028295,0.019319644461632958,0.14209362293553757
8099,0.8379381153286161,0.006106338401076366,0.1559555462703076
8100,0.058071977968655826,0.0068147304914522745,0.9351132915398918
8101,0.5620742878098427,0.029368076305789234,0.4085576358843682
8102,0.7859104057391806,0.0336389165134036,0.18045067774741577
8103,0.4543160590953895,0.08177789504544854,0.46390604585916195
8104,0.5826805041569798,0.07266254926214405,0.34465694658087614
8105,0.030098236805930368,0.0023729571878203007,0.9675288060062494
8106,0.9599042041794205,0.0034656532797587955,0.03663014254082068
8107,0.022792141512180168,0.008108203848826637,0.9690996546389932
8108,0.9463121543054307,0.011208947187223022,0.042478898507346145
8109,0.8070698683017423,0.0042122116426022305,0.18871792005565535
8110,0.965318975477081,0.011792041944782665,0.02288898257813644
8111,0.7361387777986269,0.10063980807533067,0.16322141412604238
8112,0.7901419161823862,0.010480022143040951,0.199378061674573
8113,0.023988939999044407,0.008471391848982684,0.9675396681519728
8114,0.05721986385786093,0.15818006104194887,0.7846000751001901
8115,0.9469834212736008,0.006482740098144549,0.04653383862825476
8116,0.8112608534215989,0.05345112198068639,0.1352880245977147
8117,0.13885544960872434,0.015043884189266015,0.8461006662020096
8118,0.6257451943069798,0.08554525731315162,0.2887095483798686
8119,0.6394804920950174,0.03190195836916223,0.3286175495358203
8120,0.9585497849707397,0.007440894080617597,0.03400932094864247
8121,0.29022185837361525,0.20307049633614002,0.5067076452902447
8122,0.9550760982295475,0.0037765644963811762,0.041147337274071286
8123,0.9666446592245316,0.0024716839055900124,0.030883656869878387
8124,0.3556711102561856,0.15089095596902943,0.4934379337747849
8125,0.8197198462850577,0.011610690293248566,0.1686694634216938
8126,0.8854277967062784,0.012734758674560686,0.10183744461916093
8127,0.2467299293027659,0.01490996442810009,0.738360106269134
8128,0.5401121072727848,0.05002804066915498,0.4098598520580603
8129,0.9570869074329887,0.013628976258399926,0.029284116308611302
8130,0.6411819258490434,0.023954795227696692,0.33486327892325984
8131,0.04680400382023456,0.015476022177976227,0.9377199740017892
8132,0.7849536720913421,0.04439731950491316,0.17064900840374475
8133,0.9219885659124784,0.017094513617450985,0.06091692047007056
8134,0.6142921563328682,0.05359431533612727,0.3321135283310046
8135,0.026058522197531825,0.004738788252663721,0.9692026895498044
8136,0.04747239175055223,0.0250082837956919,0.9275193244537558
8137,0.2506336880941801,0.01066209968477552,0.7387042122210443
8138,0.15312715706496757,0.01777724910820571,0.8290955938268266
8139,0.1016633625248429,0.008979772290937642,0.8893568651842194
8140,0.8750687971576396,0.01199270383143637,0.11293849901092402
8141,0.9617978507440818,0.0032050692365864814,0.03499708001933176
8142,0.9004902430148095,0.07148487165202808,0.02802488533316246
8143,0.9556702547754704,0.015038012213394946,0.029291733011134784
8144,0.1806122086912912,0.08573430405335306,0.7336534872553557
8145,0.9227891506035957,0.005799225911996219,0.07141162348440806
8146,0.9022473900660316,0.005965673428811937,0.09178693650515642
8147,0.5084955030449013,0.009535047969847795,0.4819694489852509
8148,0.9013019418896971,0.004928167798965455,0.09376989031133733
8149,0.9485929328625601,0.007844830713655977,0.04356223642378397
8150,0.9414817487374553,0.009311568927012284,0.04920668233553254
8151,0.11800523732862578,0.015261771488328793,0.8667329911830454
8152,0.9419737098049301,0.005854813155277904,0.0521714770397921
8153,0.8745951175564574,0.010541170839793322,0.11486371160374945
8154,0.9233204262339524,0.01613937055738218,0.060540203208665405
8155,0.14438659975665358,0.016296679445162773,0.8393167207981836
8156,0.9692441675445426,0.004953499150152579,0.025802333305304972
8157,0.8118254552541104,0.008735961187270465,0.17943858355861914
8158,0.9599119379451932,0.011197620131754274,0.028890441923052543
8159,0.3444512086076364,0.04348537637825814,0.6120634150141054
8160,0.696167313530221,0.020434238092556015,0.283398448377223
8161,0.9139168402251832,0.011557442397984851,0.07452571737683208
8162,0.27817948331649955,0.3539052709763837,0.3679152457071168
8163,0.21869671267881394,0.019484215144465286,0.7618190721767208
8164,0.8475897835303003,0.03825256037406893,0.1141576560956306
8165,0.05500067263862974,0.004385030379562754,0.9406142969818074
8166,0.6909757142604318,0.008480107196574823,0.3005441785429934
8167,0.44540671907245316,0.08025024816551209,0.47434303276203477
8168,0.7064676329412539,0.025962619026857158,0.2675697480318889
8169,0.8464678060801504,0.00590057027717951,0.14763162364267024
8170,0.7181445401004763,0.044374193053203316,0.2374812668463204
8171,0.029705976561614857,0.008625593729084035,0.9616684297093011
8172,0.0603082150447504,0.02417793454760765,0.9155138504076419
8173,0.8365010202836699,0.007485545202660135,0.15601343451366984
8174,0.9554178259534354,0.0024358351811212577,0.042146338865443285
8175,0.956990782023312,0.006292544532349857,0.03671667344433799
8176,0.6957761436203224,0.011603216903217469,0.29262063947646016
8177,0.11745782410194476,0.055587401556476894,0.8269547743415783
8178,0.7524020981076532,0.0700924477381221,0.17750545415422453
8179,0.5609702477124583,0.016703043366216103,0.4223267089213255
8180,0.5249861085828325,0.07874633924398369,0.39626755217318377
8181,0.16093578379491374,0.05553513945020076,0.7835290767548856
8182,0.967199274453498,0.00480647936875537,0.027994246177746745
8183,0.4439420813760806,0.040045165152350154,0.5160127534715693
8184,0.8698423231745903,0.027655086131848056,0.1025025906935617
8185,0.9746536572327721,0.004320170954185587,0.021026171813042345
8186,0.8482164879615356,0.02327894200860226,0.12850457002986215
8187,0.11606473598030202,0.045293597513983014,0.8386416665057149
8188,0.9074539230341506,0.004715970334727454,0.08783010663112209
8189,0.13519699904373628,0.06655634309939273,0.798246657856871
8190,0.11863017349353135,0.5642251721077738,0.3171446543986949
8191,0.9324926330615873,0.005110898726514436,0.06239646821189818
8192,0.9206552331657076,0.007778799909715122,0.07156596692457734
8193,0.9198992755256747,0.002989489790291533,0.0771112346840337
8194,0.8548934200968843,0.06767389481654547,0.07743268508657028
8195,0.8949997003797672,0.0035897668284281593,0.1014105327918046
8196,0.9198210919550768,0.0055834188836986366,0.07459548916122444
8197,0.8217713825014357,0.006548626909335963,0.17167999058922825
8198,0.5690837060784131,0.052349551974673246,0.37856674194691353
8199,0.953514604414193,0.007564845065611459,0.0389205505201956
8200,0.9653205416195305,0.005743117318687964,0.028936341061781452
8201,0.06982801800087299,0.004562533648428716,0.9256094483506984
8202,0.30954208235040664,0.021668930963944802,0.6687889866856486
8203,0.9232329638003669,0.005163974079740262,0.07160306211989291
8204,0.24883939843036604,0.05644843825122041,0.6947121633184135
8205,0.9198289522157754,0.003022065982631425,0.07714898180159316
8206,0.18240509595597612,0.010464559952836515,0.8071303440911873
8207,0.9457416341324004,0.003981197013487995,0.05027716885411144
8208,0.10240680826659182,0.02877480766478931,0.8688183840686189
8209,0.24981277225537826,0.02632070084865917,0.7238665268959625
8210,0.9272590667114133,0.005109809627281727,0.06763112366130497
8211,0.4476764823419296,0.047347947294019095,0.5049755703640513
8212,0.9520061179444349,0.0034206222451693795,0.04457325981039566
8213,0.9489578951245629,0.008332976538216757,0.04270912833722026
8214,0.04561079134431558,0.012574302634466107,0.9418149060212183
8215,0.9490803117017497,0.02418463687324955,0.026735051425000822
8216,0.9372496334638862,0.004844188308044497,0.05790617822806921
8217,0.5987427092033691,0.09385656327958347,0.3074007275170472
8218,0.10817254669921648,0.025870864682997544,0.865956588617786
8219,0.945703740430776,0.013293936450589726,0.041002323118634325
8220,0.9390329334321175,0.004205676761347353,0.05676138980653525
8221,0.4780972935155381,0.025003170570034094,0.4968995359144278
8222,0.30930251132685976,0.030068512087385535,0.6606289765857546
8223,0.7641473788770302,0.045684185879547055,0.1901684352434227
8224,0.6637446885199562,0.10630941015250316,0.22994590132754072
8225,0.14848563192843017,0.02413271808655072,0.8273816499850192
8226,0.023503125306839033,0.003729401268840234,0.9727674734243208
8227,0.9512896570407129,0.012586587333309317,0.03612375562597793
8228,0.8971432968165326,0.007886257789354364,0.09497044539411313
8229,0.20674470273599493,0.016722831154278514,0.7765324661097265
8230,0.5972711048808689,0.054391370004209634,0.34833752511492155
8231,0.7234268387775733,0.22224958546788798,0.054323575754538764
8232,0.5689029235040145,0.013405297552951927,0.4176917789430335
8233,0.07968468221570604,0.01388377658899497,0.9064315411952989
8234,0.9631626802276612,0.004498195609009976,0.03233912416332882
8235,0.2957516144240154,0.0440764939574369,0.6601718916185477
8236,0.2146759130720678,0.032533541126552046,0.75279054580138
8237,0.9101291732023439,0.016221319825448277,0.0736495069722079
8238,0.3336903908258901,0.020300811409781624,0.6460087977643283
8239,0.06685141590062335,0.1050778648069497,0.828070719292427
8240,0.8751999938971474,0.02730983741235048,0.0974901686905021
8241,0.05171019821115383,0.006899165542208669,0.9413906362466375
8242,0.8348696835465907,0.01151095973483344,0.15361935671857566
8243,0.4751497030787556,0.2600806576281372,0.26476963929310726
8244,0.9592128182073446,0.0020762936878089863,0.038710888104846394
8245,0.9361471796384482,0.01104282088868173,0.05280999947286998
8246,0.5300385424599336,0.02224182023010326,0.4477196373099632
8247,0.9612873848961063,0.0056343338938664314,0.03307828121002729
8248,0.9702464073759482,0.0036115231551312444,0.02614206946892065
8249,0.8889990511349776,0.008204110373901823,0.10279683849112076
8250,0.9342838741677181,0.013354619144235583,0.052361506688046344
8251,0.7999464646985087,0.004731178801941264,0.19532235649954996
8252,0.7161698537274752,0.017613518150793657,0.266216628121731
8253,0.9391721220362252,0.004914105747243598,0.05591377221653125
8254,0.7784493285804874,0.012241759215685788,0.2093089122038268
8255,0.5139398221971824,0.11254063255585334,0.37351954524696435
8256,0.7741948277619558,0.02512039341954671,0.20068477881849736
8257,0.8916724114661394,0.05047610085280685,0.05785148768105368
8258,0.024858861683671064,0.010596089616561721,0.9645450486997672
8259,0.061655197039960814,0.022495631577411336,0.9158491713826279
8260,0.9211342011387718,0.005333594337464113,0.07353220452376429
8261,0.9102608611438683,0.013770315245895427,0.0759688236102363
8262,0.7154079153897259,0.013741686972769925,0.27085039763750424
8263,0.9122145960545156,0.027137341572658468,0.06064806237282595
8264,0.8963570689390749,0.004904560125024351,0.09873837093590072
8265,0.8053236015715421,0.03855205738396241,0.15612434104449546
8266,0.0198245393105749,0.002956050403870533,0.9772194102855545
8267,0.9333080186758361,0.008321090626160816,0.05837089069800325
8268,0.8878392008006873,0.017526364064658462,0.09463443513465421
8269,0.9331146746448953,0.006285082143275581,0.06060024321182899
8270,0.7627422106512625,0.01658683883500405,0.2206709505137335
8271,0.9308040461325776,0.024671478495792754,0.04452447537162957
8272,0.9498895229103569,0.0028372872771032023,0.047273189812539966
8273,0.88266387732489,0.034488023743335386,0.08284809893177462
8274,0.824092793681289,0.02008466889882605,0.1558225374198851
8275,0.08712361723387564,0.1519308410875253,0.7609455416785991
8276,0.21545197171799524,0.015967062755198776,0.7685809655268059
8277,0.9212545044328622,0.010717692608105055,0.06802780295903278
8278,0.8709965456119303,0.012964200116400782,0.11603925427166889
8279,0.8351663510630392,0.0038027316938813987,0.16103091724307939
8280,0.03705480154852852,0.010851255708870926,0.9520939427426006
8281,0.714154912705052,0.04689143971969037,0.2389536475752575
8282,0.9551352428306001,0.018058205216917415,0.02680655195248264
8283,0.8883329849922696,0.008534326593872805,0.10313268841385768
8284,0.9396565752876416,0.007568137792777315,0.05277528691958135
8285,0.12349700920222526,0.010367707656941635,0.8661352831408332
8286,0.9722347216331224,0.003479915485804039,0.024285362881073434
8287,0.7785439344077616,0.010402765939513035,0.21105329965272546
8288,0.9618147834099627,0.0032295060027472773,0.03495571058728998
8289,0.4820648875542995,0.07295979536113206,0.4449753170845683
8290,0.2839943126666257,0.02502251684562559,0.6909831704877486
8291,0.3890973299733828,0.011637818386221528,0.5992648516403956
8292,0.8464216549047149,0.022504533370687398,0.13107381172459776
8293,0.9017025758748465,0.0034915521232986137,0.09480587200185482
8294,0.9500603365815421,0.0039037374487673627,0.046035925969690514
8295,0.9617744677900095,0.004618169709888142,0.03360736250010237
8296,0.7836576564954131,0.037200778404284006,0.179141565100303
8297,0.9140935650017384,0.004853131655843315,0.0810533033424183
8298,0.9686425607750696,0.0046982231419890365,0.026659216082941445
8299,0.8887198283792551,0.0167486598415078,0.09453151177923709
8300,0.8805941650725562,0.0086752303076073,0.11073060461983644
8301,0.6736626522398151,0.02080189777798763,0.30553544998219717
8302,0.20026069044802505,0.04779276048584432,0.7519465490661307
8303,0.9003633102082487,0.004219003097683467,0.09541768669406805
8304,0.0566775899033444,0.023822836178072886,0.9194995739185826
8305,0.924551582114446,0.007384664013430476,0.0680637538721234
8306,0.9041828560394103,0.004989469191451786,0.09082767476913793
8307,0.035144589882395126,0.006207802933208993,0.958647607184396
8308,0.7547902784525659,0.00419372538011704,0.2410159961673171
8309,0.11261260232879113,0.024084609200627063,0.8633027884705818
8310,0.8983721768604643,0.01077328517581426,0.0908545379637214
8311,0.8820696990024994,0.00513409238191239,0.1127962086155881
8312,0.9262400363645478,0.007497986947755379,0.06626197668769686
8313,0.9574454774630217,0.008630605695411814,0.033923916841566336
8314,0.958752889805292,0.005907857007625738,0.03533925318708207
8315,0.8602807178213479,0.04995360097907505,0.08976568119957713
8316,0.9161063767529269,0.012420833306112237,0.07147278994096089
8317,0.7039807498767733,0.0909217555422703,0.2050974945809564
8318,0.6632284957044892,0.04340251807748182,0.293368986218029
8319,0.03163617955887112,0.01592796643815122,0.9524358540029777
8320,0.9081588178283858,0.006658075950234593,0.0851831062213796
8321,0.7655436039531869,0.03801046903374699,0.1964459270130662
8322,0.3910611767779826,0.05133394309735049,0.5576048801246669
8323,0.02081825407208362,0.004769001094807761,0.9744127448331086
8324,0.04245693171981194,0.006977046834682183,0.9505660214455058
8325,0.9714393700865093,0.006270984335369335,0.02228964557812139
8326,0.9620007389993175,0.004678313908144465,0.03332094709253813
8327,0.9608597597122464,0.0073736843805943695,0.03176655590715934
8328,0.037536998045562694,0.005218150693354923,0.9572448512610824
8329,0.966023496309082,0.005144243261758395,0.02883226042915953
8330,0.344763205825361,0.017239628957984296,0.6379971652166547
8331,0.9226256643933284,0.02679067366876691,0.05058366193790488
8332,0.4112290853682524,0.2615733000100689,0.32719761462167873
8333,0.8586254664408772,0.003916001464423714,0.13745853209469908
8334,0.8568171028461644,0.0054330628522475,0.13774983430158813
8335,0.9473160622886209,0.004211248117469531,0.04847268959390943
8336,0.2691583955950925,0.020947476956690636,0.7098941274482169
8337,0.4841860765612353,0.013764762348292657,0.502049161090472
8338,0.9459491784770331,0.00768959756809165,0.046361223954875345
8339,0.4403488498063389,0.050929626935769634,0.5087215232578914
8340,0.936626513274922,0.007048837459131379,0.05632464926594658
8341,0.9283483396224003,0.008680469713956173,0.0629711906636436
8342,0.9648912875093549,0.005188984138121948,0.029919728352523024
8343,0.7051188257643931,0.009468528268075186,0.28541264596753163
8344,0.06966547695374671,0.04538212913634213,0.8849523939099112
8345,0.9580863511421573,0.00315675148671789,0.03875689737112483
8346,0.696408968860832,0.01835712998711888,0.28523390115204905
8347,0.46804670642479296,0.05950714174103707,0.47244615183417
8348,0.3874890673542955,0.05216318909267557,0.5603477435530289
8349,0.9523258954600053,0.002925550129736184,0.044748554410258434
8350,0.7768331833824755,0.007252002586733555,0.21591481403079088
8351,0.7048652057794723,0.0074401441013906815,0.2876946501191369
8352,0.9150658308157593,0.005327825407117776,0.07960634377712292
8353,0.055496701386317224,0.0055984392478834666,0.9389048593657993
8354,0.04448340080589517,0.03928751275223753,0.9162290864418673
8355,0.9669448074848528,0.0026855828362919152,0.030369609678855405
8356,0.6231910651484991,0.015106426756281557,0.36170250809521937
8357,0.06297306236720436,0.009627987419324262,0.9273989502134715
8358,0.05326308578104211,0.03208472777443158,0.9146521864445262
8359,0.9667867483301991,0.003607005452107355,0.02960624621769373
8360,0.863018021758931,0.005278948303693285,0.13170302993737576
8361,0.4110225681270074,0.00953951159477913,0.5794379202782135
8362,0.8876463061623563,0.015792403498481256,0.09656129033916254
8363,0.3532683911033579,0.009937571080217384,0.6367940378164247
8364,0.9225422423205496,0.014370643374215446,0.0630871143052348
8365,0.7646896406728404,0.006191718155297596,0.2291186411718619
8366,0.7009627586247,0.00982169015871433,0.2892155512165857
8367,0.8129894160754865,0.01807956016452198,0.1689310237599914
8368,0.8970201297120977,0.009019459982999098,0.09396041030490308
8369,0.3796504299213329,0.020437391849791795,0.5999121782288752
8370,0.8379406755567544,0.011601775193670134,0.15045754924957536
8371,0.8306437084526029,0.008929601760619226,0.16042668978677785
8372,0.02131407471341431,0.004455521974718668,0.974230403311867
8373,0.047124629832572776,0.013224283072264085,0.9396510870951632
8374,0.17865257019234612,0.008708438672766947,0.8126389911348869
8375,0.9598231500910627,0.003863336195011132,0.03631351371392619
8376,0.11392207158105007,0.03555610142971937,0.8505218269892306
8377,0.7225261865950321,0.04413130868479871,0.23334250472016924
8378,0.8884996996532657,0.02741599148045367,0.08408430886628078
8379,0.9465222670760887,0.010466818725038993,0.043010914198872395
8380,0.7494568244862406,0.007171757854030426,0.243371417659729
8381,0.8936804309916107,0.06168160802926211,0.04463796097912739
8382,0.896879676675284,0.004644701104450942,0.0984756222202651
8383,0.9178535509354634,0.006367487114230079,0.07577896195030669
8384,0.954548001850382,0.0037571883946551873,0.04169480975496283
8385,0.0874934716463771,0.06280852501341061,0.8496980033402123
8386,0.32409380154622225,0.023527032247393533,0.6523791662063841
8387,0.9640772012857826,0.00314859044646532,0.03277420826775219
8388,0.6386131941326553,0.010813049635441779,0.35057375623190307
8389,0.67578821924634,0.08650284549140148,0.2377089352622585
8390,0.07005059364560341,0.012099521626873146,0.9178498847275235
8391,0.7211139632096906,0.021990322431105085,0.25689571435920444
8392,0.8846298042238274,0.015767653778780352,0.09960254199739241
8393,0.9612025252082991,0.0040134290516155545,0.03478404574008524
8394,0.4851892228116968,0.033314226354143446,0.48149655083415976
8395,0.21698862631247412,0.03160990270429649,0.7514014709832294
8396,0.922136991139256,0.012502236473632529,0.06536077238711158
8397,0.961444987207583,0.004193466373382802,0.034361546419034085
8398,0.957203481058065,0.004207123793765908,0.03858939514816903
8399,0.9079554725570866,0.017248353253261035,0.07479617418965236
8400,0.02353717713160296,0.011419834543571329,0.9650429883248256
8401,0.5411130287509895,0.09896006141849222,0.3599269098305182
8402,0.20374329055912294,0.10472038123779367,0.6915363282030834
8403,0.08845268456001086,0.10407663705284462,0.8074706783871445
8404,0.8026781794887767,0.007047729580587621,0.19027409093063563
8405,0.08026035082661012,0.010970960140937154,0.9087686890324528
8406,0.8504615535093332,0.005569228479224856,0.14396921801144197
8407,0.9343537481924318,0.006320824286378541,0.059325427521189605
8408,0.7361794463803489,0.018840153943126707,0.2449803996765244
8409,0.07720265277525584,0.011865215022890086,0.9109321322018542
8410,0.4775282530703421,0.23948039055637632,0.28299135637328143
8411,0.8964452613079364,0.010517634723818033,0.09303710396824545
8412,0.04038043597261996,0.011904112583750164,0.9477154514436298
8413,0.024799148107940927,0.010631599364775582,0.9645692525272835
8414,0.9493347455151088,0.003345571826983301,0.04731968265790788
8415,0.914379023470863,0.010907370009602365,0.07471360651953456
8416,0.9291928109941392,0.006204223187074385,0.06460296581878655
8417,0.47947162130852494,0.009450741843713082,0.511077636847762
8418,0.854808449416702,0.023386541369019898,0.12180500921427827
8419,0.07177252317479405,0.021274732748347923,0.906952744076858
8420,0.781884561646068,0.010678275337939639,0.20743716301599244
8421,0.17809909355618325,0.025616380438407874,0.7962845260054088
8422,0.9614671395143317,0.0038015794940068864,0.03473128099166154
8423,0.925172221793575,0.007288928985186432,0.06753884922123848
8424,0.6145680562974313,0.11431395075873209,0.2711179929438367
8425,0.8619865162929027,0.019263400793055264,0.11875008291404211
8426,0.057273834904911336,0.03430532157943875,0.9084208435156499
8427,0.4762400480828848,0.09981263612365764,0.42394731579345746
8428,0.9667833055458008,0.0025213447543240156,0.030695349699875047
8429,0.963343294396588,0.0032718055905391836,0.03338490001287295
8430,0.9492903892042621,0.012893790821533512,0.03781581997420426
8431,0.11994560882646171,0.015102511317960386,0.864951879855578
8432,0.5644535816664926,0.0705280721578366,0.36501834617567086
8433,0.886423518276788,0.025422856202051532,0.08815362552116049
8434,0.03841582136102389,0.016707996070060335,0.9448761825689158
8435,0.9435650947897454,0.003921106444639772,0.0525137987656149
8436,0.7193945122772747,0.023937890396076463,0.25666759732664896
8437,0.04632135132339732,0.007824049702386877,0.9458545989742158
8438,0.9563204885068144,0.008847746546778175,0.03483176494640752
8439,0.34872054081923703,0.06077460558810149,0.5905048535926616
8440,0.8533265904262222,0.05004084593974725,0.09663256363403054
8441,0.28894171185065637,0.00888620005032119,0.7021720880990224
8442,0.955105717057911,0.006542478291890043,0.038351804650198836
8443,0.949886710568129,0.003962767713218605,0.04615052171865226
8444,0.9259811017060565,0.018468303084585004,0.055550595209358504
8445,0.9717131092236239,0.006173604019285289,0.02211328675709084
8446,0.7997165971285797,0.00607252100956763,0.1942108818618527
8447,0.0819603624385076,0.0380197770098613,0.8800198605516311
8448,0.9034771942156836,0.003933809421135437,0.09258899636318085
8449,0.39823999562427675,0.1565435252398114,0.44521647913591195
8450,0.7670583405377558,0.03892500856986124,0.19401665089238304
8451,0.9318327190367058,0.006292696711789503,0.06187458425150471
8452,0.9678735063644059,0.003009092484776935,0.029117401150817276
8453,0.8452021178099395,0.015727171482883148,0.13907071070717728
8454,0.4972565518507169,0.02111632010729822,0.4816271280419849
8455,0.14448971593179066,0.007567424308318668,0.8479428597598907
8456,0.4057187078402844,0.015515753103393804,0.5787655390563219
8457,0.9249400404129815,0.00480743360855089,0.07025252597846779
8458,0.5517564781254853,0.14490459905632005,0.3033389228181946
8459,0.9547571504246839,0.008018063344406665,0.0372247862309093
8460,0.9536460070564051,0.005927774869872338,0.040426218073722646
8461,0.10164193269765777,0.05261036023364946,0.8457477070686928
8462,0.9366305589740084,0.008908166889138484,0.05446127413685304
8463,0.29528440241219267,0.009886533775863154,0.6948290638119442
8464,0.9134885586911744,0.023089308515386524,0.06342213279343904
8465,0.3980762466032416,0.012466192935540544,0.589457560461218
8466,0.8911368360023477,0.015676001854887885,0.09318716214276439
8467,0.956883709216201,0.0031906816345250635,0.0399256091492739
8468,0.31226479014767294,0.09490391997520309,0.592831289877124
8469,0.12613677562579226,0.1220038713090295,0.7518593530651784
8470,0.7460343337654292,0.029896590287096944,0.22406907594747397
8471,0.9352887920386725,0.004161285922948709,0.0605499220383788
8472,0.8992371791660944,0.0199831487706427,0.08077967206326288
8473,0.9601662979067601,0.009932748356540934,0.02990095373669907
8474,0.8893066792152616,0.017986167688523232,0.09270715309621509
8475,0.14853059191695617,0.01085437888604788,0.8406150291969959
8476,0.9411719998738394,0.005177842555671448,0.053650157570489264
8477,0.52425662058433,0.24120887567805577,0.23453450373761422
8478,0.8941535794277827,0.025566888260553502,0.08027953231166386
8479,0.9429253569931041,0.0066872792650101015,0.0503873637418858
8480,0.9285097450561222,0.005989107855936391,0.06550114708794147
8481,0.9705598324253263,0.005224194600320199,0.024215972974353534
8482,0.34990771243919805,0.01484918587004977,0.6352431016907522
8483,0.12849376721932546,0.024952108340523287,0.8465541244401513
8484,0.9007571869506724,0.009667481424627082,0.08957533162470054
8485,0.9698079099150162,0.0035866748407092264,0.026605415244274584
8486,0.058537533859657966,0.006781761048073316,0.9346807050922687
8487,0.6915870980892693,0.01497692805781694,0.2934359738529138
8488,0.9600318620585127,0.004308701771799601,0.035659436169687725
8489,0.6170281549149529,0.03345046783791977,0.34952137724712723
8490,0.11950537603243121,0.027921726669519243,0.8525728972980496
8491,0.08286928962706974,0.01240268738940478,0.9047280229835255
8492,0.8456677626170468,0.02466990714080066,0.1296623302421526
8493,0.7703016123340252,0.008011426286653332,0.22168696137932156
8494,0.8391753951758889,0.009389033923667505,0.15143557090044352
8495,0.86439802129881,0.03073860296557431,0.10486337573561551
8496,0.8942395112947107,0.01786654227897232,0.08789394642631708
8497,0.9344270099809213,0.003983666054154828,0.06158932396492394
8498,0.062074604142812274,0.008556711786029398,0.9293686840711582
8499,0.9442288751937344,0.0048126774295599575,0.05095844737670577
8500,0.8778935475196973,0.021840716420539804,0.1002657360597629
8501,0.7919166552613638,0.012297269613331751,0.19578607512530455
8502,0.08468270662067577,0.00570910600964588,0.9096081873696783
8503,0.8736837713925537,0.01949005568594356,0.10682617292150264
8504,0.06657749577796256,0.011530570678143526,0.921891933543894
8505,0.9582837387233241,0.0030044374067503834,0.03871182386992554
8506,0.9628916107855493,0.0032964650204030063,0.03381192419404752
8507,0.8784095876912226,0.0048667972431803526,0.1167236150655971
8508,0.8470142491740112,0.008272120133788328,0.14471363069220047
8509,0.9463050915592269,0.006179328712935842,0.047515579727837355
8510,0.775534214149109,0.047282625020098355,0.17718316083079272
8511,0.9130674568255353,0.012083788907693226,0.07484875426677143
8512,0.06047155188858333,0.0064363407476762885,0.9330921073637404
8513,0.4467412601260939,0.08535976978260545,0.4678989700913007
8514,0.08340377658935014,0.009424398084142156,0.9071718253265078
8515,0.8680764814507456,0.004154706691723321,0.12776881185753117
8516,0.12263348478822166,0.01936621003121298,0.8580003051805654
8517,0.6295400197817055,0.02489662070767337,0.3455633595106213
8518,0.5697545908400575,0.19152923722999876,0.2387161719299437
8519,0.4800589423911541,0.058422225421195004,0.46151883218765083
8520,0.9644741764167302,0.009127513731716979,0.02639830985155302
8521,0.9281937716020526,0.004296414450070107,0.06750981394787704
8522,0.8336592771352778,0.047088603398128856,0.11925211946659346
8523,0.04829358433426285,0.00732642460019916,0.9443799910655379
